+-----+---------------------+--------+------+-------+-------------+----------+----------+-------+--------------+
|   № |       Студент       |   БМТП |   КС |   СМП |   Фіз. Вих. |   В. Мат |   Фізика |   ІКУ |   Англ. мова |
+=====+=====================+========+======+=======+=============+==========+==========+=======+==============+
|   1 |   Андрусик Богдан   |      0 |    0 |     0 |           0 |        0 |        0 |     0 |            0 |
+-----+---------------------+--------+------+-------+-------------+----------+----------+-------+--------------+
|   2 | Василенко Костянтин |      0 |    0 |     0 |           0 |        0 |        0 |     0 |            0 |
+-----+---------------------+--------+------+-------+-------------+----------+----------+-------+--------------+
|   3 |   Глиняний Данііл   |      0 |    0 |     0 |           0 |        0 |        0 |     0 |            0 |
+-----+---------------------+--------+------+-------+-------------+----------+----------+-------+--------------+
|   4 |   Дроздов Максим    |      0 |    0 |     0 |           0 |        0 |        0 |     0 |            0 |
+-----+---------------------+--------+------+-------+-------------+----------+----------+-------+--------------+
|   5 |   Іваненко Максим   |      0 |    0 |     0 |           0 |        0 |        0 |     0 |            0 |
+-----+---------------------+--------+------+-------+-------------+----------+----------+-------+--------------+
|   6 |    Карпіков Олег    |      0 |    0 |     0 |           0 |        0 |        0 |     0 |            0 |
+-----+---------------------+--------+------+-------+-------------+----------+----------+-------+--------------+
|   7 |   Касьянов Назар    |      0 |    0 |     0 |           0 |        0 |        0 |     0 |            0 |
+-----+---------------------+--------+------+-------+-------------+----------+----------+-------+--------------+
|   8 |  Кіріченко Тетяна   |      0 |    0 |     0 |           0 |        0 |        0 |     0 |            0 |
+-----+---------------------+--------+------+-------+-------------+----------+----------+-------+--------------+
|   9 |   Колесник Дарина   |      0 |    0 |     0 |           0 |        0 |        0 |     0 |            0 |
+-----+---------------------+--------+------+-------+-------------+----------+----------+-------+--------------+
|  10 |  Кондрашенко Ілля   |      0 |    0 |     0 |           0 |        0 |        0 |     0 |            0 |
+-----+---------------------+--------+------+-------+-------------+----------+----------+-------+--------------+
|  11 | Кравченко Владислав |      0 |    0 |     0 |           0 |        0 |        0 |     0 |            0 |
+-----+---------------------+--------+------+-------+-------------+----------+----------+-------+--------------+
|  12 |   Кривда Олексій    |      0 |    0 |     0 |           0 |        0 |        0 |     0 |            0 |
+-----+---------------------+--------+------+-------+-------------+----------+----------+-------+--------------+
|  13 |    Кудрик Кирил     |      0 |    0 |     0 |           0 |        0 |        0 |     0 |            0 |
+-----+---------------------+--------+------+-------+-------------+----------+----------+-------+--------------+
|  14 |     Норов Артем     |      0 |    0 |     0 |           0 |        0 |        0 |     0 |            0 |
+-----+---------------------+--------+------+-------+-------------+----------+----------+-------+--------------+
|  15 |    Олійник Артем    |      0 |    0 |     0 |           0 |        0 |        0 |     0 |            0 |
+-----+---------------------+--------+------+-------+-------------+----------+----------+-------+--------------+
|  16 |   Прокопенко Єгор   |      0 |    0 |     0 |           0 |        0 |        0 |     0 |            0 |
+-----+---------------------+--------+------+-------+-------------+----------+----------+-------+--------------+
|  17 |   Пуріхова Марія    |      0 |    0 |     0 |           0 |        0 |        0 |     0 |            0 |
+-----+---------------------+--------+------+-------+-------------+----------+----------+-------+--------------+
|  18 |    Радін Дмитро     |      0 |    0 |     0 |           0 |        0 |        0 |     0 |            0 |
+-----+---------------------+--------+------+-------+-------------+----------+----------+-------+--------------+
|  19 |    Ружин Віталій    |      0 |    0 |     0 |           0 |        0 |        0 |     0 |            0 |
+-----+---------------------+--------+------+-------+-------------+----------+----------+-------+--------------+
|  20 |   Синицький Денис   |      0 |    0 |     0 |           0 |        0 |        0 |     0 |            0 |
+-----+---------------------+--------+------+-------+-------------+----------+----------+-------+--------------+
|  21 |   Сосна Олександр   |      0 |    0 |     0 |           0 |        0 |        0 |     0 |            0 |
+-----+---------------------+--------+------+-------+-------------+----------+----------+-------+--------------+
|  22 |   Тихий Ростислав   |      0 |    0 |     0 |           0 |        0 |        0 |     0 |            0 |
+-----+---------------------+--------+------+-------+-------------+----------+----------+-------+--------------+
|  23 |    Турик Богдан     |      0 |    0 |     0 |           0 |        0 |        0 |     0 |            0 |
+-----+---------------------+--------+------+-------+-------------+----------+----------+-------+--------------+
|  24 | Ховренко Єлизавета  |      0 |    0 |     0 |           0 |        0 |        0 |     0 |            0 |
+-----+---------------------+--------+------+-------+-------------+----------+----------+-------+--------------+
|  25 | Черновол Володимир  |      0 |    0 |     0 |           0 |        0 |        0 |     0 |            0 |
+-----+---------------------+--------+------+-------+-------------+----------+----------+-------+--------------+
|  26 |     Щорба Роман     |      0 |    0 |     0 |           0 |        0 |        0 |     0 |            0 |
+-----+---------------------+--------+------+-------+-------------+----------+----------+-------+--------------+
